22222222222222222222222222222222222222222222222222222222222222222222222222222222222222222222222222222222222222222222222222222222222222222222 
22222222222222222222222222222222222222222222222222222222222222222222222222222222222222222222222222222222222222222222222222222222222222222222 
22222222222222222222222222222222222222222222222222222222222222222222222222222222222222222222222222222222222222222222222222222222222222222222 
22222222222222222222211222222222222222222222222222222222222222222222222222222222222222222222222222222222222222222222222222222222222222222222 
22222222222222222222111112111222222222222222222222222222222222222222222222222222222222222222222222222222222222222222222222222222222222222222 
22222222222222222222111112111112222222222222222222222222222222222222222222222222222222222221122222222222222222222222222222222222222222222222 
22222222222222222222211111111111222222222222222222222222222112222222222222222222222222222221112222222222222222222222222222222222222222222222 
22222222222222222111111111111111222111121122222222222222221112222222221112222222222222112221112222222222222222222222222222222222222222222222 
22222222222222222111111111111100111111121122222222222222221112222222221112222222222112112111112222222222222222222222222222222222222222222222 
22222222222222222111111111111111111111111111112222222222221111122222222112222222211111111111111122211222222222222222222222222222222222222222 
22222222222222222221111111111111111111111111112222221111111111122221121112112222211111111001111111111111222222222222222222222222222222222222 
22222222222222222222111111111101111111111111111111111111110111112211111111111111111111111101111111111111222222222222222222222222222222222222 
22222222222222211222111111111111111111111111111111111111111111111111111111111111111111111111111111111111122222222222222222222222222222222222 
22222222222222211111111111111111111111111111111111111111111111111111111111111111111111111111111111111111121122222222222222222222222222222222 
22222222222222211111111111111111111111111111111011011111111111111111111111111111111111111111111111110110011112221111112222222222222222222222 
22222222222222222211111111111111111111101111111111111111101111111111111111111111111111111111111111111111111112221111112222222222222222222222 
22222222222222211111111111111111111111111111111111111101111111111111111111111111111111111111111111111111111112211111112222222222222222222222 
22222222222222211111111111011111111111111111111111111111111111101111111111111111111110111111111111111111111112211111112222222222222222222222 
22222222222222211111111111111111111111111111111011111111101111111111111111111111111101111111111111111011111111211111112222222222222222222222 
22222222222222211111111111111110111111111111111111111111111111111111111111111111111111111111111111111111111111111111112222222222222222222222 
22222222222221111111111111011011111111111111111111111111111111111111111111111111111011111111111111111111111111111011112222222222222222222222 
22222222222221111111111111111111011111111111111011111111111111111111111111111111111111111111111111111111111111111111112222222222222222222222 
22222222222222111111001111111111111111111111111111111111111111111111111111111111111111111111111111111111111111111111111122222222222222222222 
22222222222222111110011111111111111011110111111111111111111111111111111111111111111111111111111111111111111111111111011112222222222222222222 
22222222222222111111111111111111111111111111111111111111111101111001111111111111111111111111111111110111101111111111111112222222222222222222 
22222222222211111111111111111111111111111111101111111111111111111111111111111S11111111111111111111111111111111111111111011222222222222222222 
22222222222211111111111111111111111111111111111111111111111111111111101111111111111111111111111111111111111111111111111111221111222222222222 
22222222222211111111111111111111111111111111111111110111111111111111111111111110111111111111111111111111110111111111111111111111222222222222 
22222222221111111111111011011111111111111111111111111101111111111111110111011111111111111110111111111111111111111111111111111111222112222222 
22222222221111111101111111111101111111111111111110111111111110111111111111111111111111111101111111111111111111111111111111111111121112222222 
22222222222211111111111111111111111111111111111111111111111111111111111111111111111111111111111111111111111101111111111111111111111112222222 
22222222222111111111111111111111111011111111111101111111011111011111110111111111111111111111111111111111111111111111111111111111111122222222 
22222222221111111111011111110111111111111111111111111111111110110111111110111111101111111101111111111111111111111111111111111111111222222222 
22222222221111111111111111111111111111111111111111111111111111111111111111111111111111111111111111111111111111011111111111111111111222222222 
22222222222211111111111111111111111111111101101111111111011111111111111111111111111111111111111111111111111111111111111110111111011222222222 
22222222222211111101111111111111011111111111111111111111111111111111111111111111111111111111111111111111111111111110111111111111112222222222 
22222222222221111111111111111110111101111011111111111111111111111110111111111011111111100111111111111111111111111111111111111111112222222222 
22222222222222221111111111101111111111111111111111111111111111111111111111111111111111111111111111111111111111111111111111111111112222222222 
22222222222222211111111111111111111111111111111111111111111111111111111111111111111111111110111111111111011111111111111111111111111222222222 
22222222222222111111111111111111111111111111111111111111111111111110111111011111111111111111111111111111111111111111111111011111111222222222 
22222222222222111111111111111111111111111111111111111111111111111111111101111111111101111111111111111111111111111111111111111111111222222222 
22222222222221111111111111111011111111111111111111111111111111111111111111111111111111111111111111111111111111111111111111111111122222222222 
22222222222221111111111111111111111111111111111111111111111111011111111111111111111111111111011110111111111111111101111111111111222222222222 
22222222222222111111111111111111011111111111111111111111111111111111111111111111111111110111111111111111111111111111111111111111222222222222 
22222222222222111111111110111111111111111111111111110111111111111111111111011111111111111111111111111111111111111111111101111111222222222222 
22222222222222111111111111111111111111111111111111111101111111111111111111111111111111111111111111111111111111110111111111111111111222222222 
22222222222222111111111111111111111111111111110111111111111111111111111111111111111111111111111111111111111111111111011111111111111222222222 
22222222222221111111111111111111111111111111111111111111011111111111111111111111111111111111111111111111111111111111111111111111112222222222 
22222222222221111111111111110111111111111111111111111101111111111111111111111111111101111111111111111111111111111111111110111101122222222222 
22222222222221101111111111111111111111111111111111110111111111111111111111111111111111111111111110111111111111111111111111101111122222222222 
22222222222221111111111111111111111111111111111110111111111111111111111111111111111111111111111111111111111111011111111111111111122222222222 
22222222221111110111111111011111111111111111111111111111111111111011111111111111111111111111111111111111111111111111111111111101122222222222 
22222222211110111111111111111111111111111111111111111111111110011111111111111111111111111111111111111111111111111111111111111111111222222222 
22222222211111111111111111110110111111111111111111111111111111111111011111111110111111111111111111111111111101111111111111011111111222222222 
22222222111111111111111111111111111111111111110111111111111111111111101111111111111111111111111111111111111111111111111111101111112222222222 
22222222111111111111111011111111111111111111111111111111111110111111101111011111111111011101111111111111111111111111111111111011222222222222 
22222222221111111111111111111111111111111111101111111111111111111111100110111111111111111111111111111111111011011111111101111011122222222222 
22222222221111111011111111111111111111111111111111111111111111111111110000111111111111111111111111111111111111111111011111111111112222222222 
22222222221111111111111111111111111111111111111111111111111110111111110001111111111111111111110111101111111111111111111111111111111111222222 
22222222211111111111111111111111111111111111111111111111111100011110110001111111111111111111111111111111011111111111111110111111111111222222 
22222222211101111111111111111011011111111111111111011111111100011000000000110111111111111111111111111111111111111111111111111111111122222222 
22222222221111111111110111111111111111111111111111111111111000000000000000000111111111111111111111111111111111011111111111111111111222222222 
22222222211111111111111111111111111101111111111111111111111110000000000000000111111111111111111111111111111111111111111111111111111122222222 
22222222211111011111111111111111111111111111111111111111111110000000000000000001111111011111111111101111111111101111111111111111111122222222 
22222222221111111111101111111111011111111011111110111111111100000000000000000001111111111111111110111101111111111111111111111111112222222222 
22222222222211111111111111111111111111111111111111111111111000000000000000000011111111111111111111111111111111110111111111111111112222222222 
22222222221111011111111101101111111111111111111111111111111111100000000000000011111111111111111111111111111111111111111111111111122222222222 
22222222221111111111111111111111111111011011111111111111111111100000000000000000111111111111111111111111111111111011111111111111122222222222 
22222222211111111111111111111111111111111111111111101111111111100000000000000001111101111111111111111111111111111111111111111111111112222222 
22222222211111111101111111111111111111111111111111111111110111100000000000000001111111111111111011011111111111111111111111111111111112222222 
22222222222221101111111111111111110101111111111111111111111111111000000000000001101111111111111111111111111111111110111011011111111112222222 
22222222222211101111111111111111111111111111111011111111011111111000000000000000000111111111111111111101111111111111111110110111111111222222 
22222222111111111111111111111111111111111111111110111111111100110000000000000000000011111111111111111111111101111111111111111111111111222222 
22222222111111111111111111111111111111111101111111111111111000000000000000000000011111101111111111111111111111111111111111111111111222222222 
22222221111111111111111111110110111111111111111111111111111100000000000000000000011111111111111111111111111111111111111110111111111112222222 
22222221110111111111111111111101111111111111111111111111111100000000000000000000000011111111111111111111111111111111101111111111111112222222 
22222222111001111111111111111111111111111111111111110111111100000000000011000001111011111111111111011111111111111111111111111111112112222222 
22222211111011111111111111111111101111111111111111111111111100000000000111100111111111111111111111111111110111111111111111111111122222222222 
22222111111111111111111110111101111111111111111111111111111000000000110111111111111111111111111111111111111111111111111111111111112222222222 
22222111111111111111111111111111111111111111111111111111111100000000111011111111111111111111111111111111111111111111111111111111111222222222 
22222111100111111111111111111111111111111111111101111111111111000111111111101111111110111111111011111111011111110111111111111111111111222222 
22222222211111111110111111110111110111111111011111111111101111100111111111111110111111111111111111101101111111111111110111111111111111222222 
22222222211111111111111111111111111111111111111111111101111111100110111111111111111111111101111111111111111111111111111011111111111111122222 
22222222111111111111111111111111111111111111111111111111111111111111111111111111111111111111111111111111111111111111111111111111111111122222 
22222222111110111110111111111111111111111111111011111111111111111111111011111111111111111111111111111111111111111111111111111111111111122222 
22222221111111111111111011111111111111111111111111111111111111111111111111111111111111111111111111111111111111111111111111111111110111122222 
22222221111111111111111111111101111111111111111111111111111111111111111111111111111111111111111111111111111111111111111111111111111111112222 
22222211111111111111111111111111111111111111111111111101111111111111111011111111111111111111110111111111111111011011111111111111111111112222 
22222211111111111111111111111111111111110111111111111111111111111111111111111111111111111111111111111111111111111111111111111111111111222222 
22222222211111111111110110110111111111111111111011111111111111111111111111011111111111111111111111011111111111111111111110111011111111122222 
22222222222221111111111111111111111111111111111110111111111111111111101111111111111111111111111111111111011110111111111111111111111111122222 
22222222222221111111111111111111111111111111111111111011111111111111111111101111111111101111111111111110111111111111111111110111111111222222 
22222222222222111111011111111110111111111111111111111111111111111111111111011111111111111111011111111111110111111111111101111011111111222222 
22222222222211111111111111111111111111111111111111111111111111111111111111111111110111111111011111111111011111111011111111111111111111222222 
22222222222211111111111111111111111111011110111111111110111111111111111111101111111111111111111111111111111111111111111111111111011111222222 
22222222222222111111111111111011111111111111111111011111111111011110111111111111111111111111111111111111111111111111111111111111111111222222 
22222222222111111111111111111111111111111111111111111111111111111111111111111111111111111111110111111011111111111111111011111111111111222222 
22222222222111111111111111111111111111011011111111111011111111111111111101111011111111111111111111111111111111111111111111111111111111222222 
22222222222211111111111110111101111111111011111111111101111111111101111111111111111111111111111111111111011111111111111111111111111211222222 
22222222222211111111111111111111111111111111111111111111111111111111111111111111111111111111111111101111111111111111111111111111111222222222 
22222222222222111111111111111111111101111111111111111111111111111111111011111111111111111111111110111111111111111111111111111111111211222222 
22222222222221111111111111111111111111111111111111111111111111111111111110111111111111111111111111110111011111111111111111111111111111222222 
22222222222221111111111111111111111111111111111111111111111111111011111111111111111111111111111111111111111111111111111111111111111111222222 
22222222222211111111111111111111111111111111111111111111111111111111111111111111111111111111111111111110111111111111111111111111111111111222 
22222222211111110111111111111111111101101111111111111111111111111111111111101111111111111111111111110111111110111111111110111111111111111222 
22222222211111111111110111111111111111111111111111111111111111111111111111111111111111111111111111111111111111111111111111111111111111111222 
22222222221111111111111111111111111111111111111111111011111111111111111111111111111111111111111101111111110111111111111111111011110111111222 
22222222211111111011111111111111111111111111111111111111111111111111111111111111111111111111111111111111111111111101111111111111110111111222 
22222222111111111111111111110111111111111111111111011111111111111111111110111111111111111111111111101111111111111111011111011111111112112222 
22222222111111111111011111011111111111111111111111111111111110111111111111111111111111111111111111111111111111111111111111111111111112222222 
22222221101111111111111111111111111111011111111111111111111111111111111111110111111111111111111111111111111111111111111111111111112112222222 
22222221111111111111111111111111111111111111111111111111111111111111111110111111111111111111111111111111111111111111111111111111112222222222 
22222221111111111111111111111111111110111111111011111111111111111111110111111111111111111111111111111111111111111011111111111111122222222222 
22222222111112111111111110111111111111111111111111111111111101111111111111111101111111111111011111111111111111111101111011111111122222222222 
22222222111122111111111011111111111111111111111111111111111111111111111110111111111111111111111111111111111111011111111111111111112222222222 
22222222222221111111111111111111111111111111111111111111111111111111111111111111111111111111111111111111111111111111111111011011112222222222 
22222222222221111111111111111111111111111111111111111111111011111111101111111111111111111111111111111111011111111111111111111111111122222222 
22222222222222211111111111111111111111111111111110111111111111111111111111111111111111111111111111111111111111111111111111111111111122222222 
22222222222222211101101111111110111111111111111111111111111111110111111111111111111111111101111111111111111111111111111111111111111222222222 
22222222222222211111111111111111111111111111111111111111111011111111111111111111111111111111111111111111111111111111111111111111111222222222 
22222222222222111111111111111111111111111111111111111111111111111111111111111111111111111111111111111111111111111111111111222221112222222222 
22222222222222111111111111111111111111111101111111111111111111111101111111101111111111111111011111111111111111111111111111222221112222222222 
22222222222222211211110111111111111111111111111111111111111111111111111111111111011011111111111111111111111111111111111111222222222222222222 
22222222222222222222211111111111111111111111111111111111111111111111111111111111111111111111111111111111111111111111111111112222222222222222 
22222222222222222222211111111111011111111101100111101111111111111101111111111111111111101111111111111111111111111111101111112222222222222222 
22222222222222222222221111111111011111111111101111111111110111111110011111111111111111111111111111011111111121111111111011112222222222222222 
22222222222222222222221111112111111111111111111111111111111111111111011111111111111111111111111111121111111221110111111111222222222222222222 
22222222222222222222222111122211111111111111011101111111111111111111111111111111111111101111111111121112111122111111111111112222222222222222 
22222222222222222222222221122211111111111111111111110111111111111111111111111111111111112111111111222222111112111111111111111222222222222222 
22222222222222222222222222222222111111111111111111121111111111111111111111111121111011112221101111222211111112211111111111111222222222222222 
22222222222222222222222222222222211111011111111112221111111111111222111111112221111111122222111112222211111222211222222222222222222222222222 
22222222222222222222222222222222211111111121111112222112111111112222112111112222111111112222111112222222111222211222222222222222222222222222 
22222222222222222222222222222222221111111122211122222112111111112222222222112222111101112222111122222222222222222222222222222222222222222222 
22222222222222222222222222222222211111111222211112222222112211112222222222222222211111122222221122222222222222222222222222222222222222222222 
22222222222222222222222222222222211111122222221112222222112221122222222222222222211112222222222222222222222222222222222222222222222222222222 
22222222222222222222222222222222222222222222221122222222222222222222222222222222211122222222222222222222222222222222222222222222222222222222 
22222222222222222222222222222222222222222222222222222222222222222222222222222222222222222222222222222222222222222222222222222222222222222222 
22222222222222222222222222222222222222222222222222222222222222222222222222222222222222222222222222222222222222222222222222222222222222222222 
22222222222222222222222222222222222222222222222222222222222222222222222222222222222222222222222222222222222222222222222222222222222222222222 
22222222222222222222222222222222222222222222222222222222222222222222222222222222222222222222222222222222222222222222222222222222222222222222 
 
Nick@Nicholass-Air Day10 % 